[CREATION TIME],1434488348275,File created
